proj:       99
zone:       0
north:      -440848.36151963
south:      -451168.39343793
east:       -1584125.95995605
west:       -1599342.00701699
cols:       1585
rows:       1075
e-w resol:  9.60002969
n-s resol:  9.60002969
top:        1.000000000000000
bottom:     0.000000000000000
cols3:      1585
rows3:      1075
depths:     1
e-w resol3: 9.60002969
n-s resol3: 9.60002969
t-b resol:  1
